idx,CommunicationRound,TimeCost
5,0,6.058049201965332
5,1,0.07156252861022949
5,2,0.0740208625793457
5,3,0.07662677764892578
5,4,Error,0.06610862385983304
5,5,0.0709989070892334
5,6,0.07952022552490234
5,7,Error,0.22037028052773827
5,8,0.08320927619934082
5,9,0.06548714637756348
5,10,Error,0.04889758566148432
5,11,Error,0.18814021250520588
5,12,0.06420254707336426
5,13,0.07225608825683594
5,14,Error,0.2130130589462086
5,15,0.06839776039123535
5,16,Error,0.03142292382914079
5,17,0.07292842864990234
5,18,0.07786178588867188
5,19,Error,0.1776033276547074
5,20,0.09761214256286621
5,21,0.17464375495910645
5,22,0.07835006713867188
5,23,Error,0.032503160612314785
5,24,0.0751028060913086
5,25,0.07654166221618652
5,26,0.07872128486633301
5,27,0.06886720657348633
5,28,0.07943177223205566
5,29,0.068084716796875
5,30,Error,0.018205841331674095
5,31,Error,0.13734490589688883
5,32,Error,0.16426649859386705
5,33,0.08551883697509766
5,34,0.07094526290893555
5,35,Error,0.002624232055950336
5,36,0.07723832130432129
5,37,Error,0.08389637576566125
5,38,0.06741714477539062
5,39,0.06642293930053711
5,40,Error,0.03043590906247626
5,41,0.06013298034667969
5,42,Error,0.037303551551569517
5,43,Error,0.022245149572491168
5,44,0.07276535034179688
5,45,0.0778958797454834
5,46,0.07468986511230469
5,47,Error,0.12128902776471641
5,48,0.08541202545166016
5,49,0.07193160057067871
5,50,Error,0.05940583162604754
5,51,Error,0.15687356604402036
5,52,0.05347561836242676
5,53,0.0628199577331543
5,54,0.06418228149414062
5,55,Error,0.14425150666147737
5,56,0.06700587272644043
5,57,0.06840324401855469
5,58,0.08359861373901367
5,59,Error,0.03521837733016343
5,60,0.07486248016357422
5,61,Error,0.0965509937283597
5,62,0.060370445251464844
5,63,Error,0.11129200772614994
5,64,0.05894589424133301
5,65,0.055501699447631836
5,66,0.06447076797485352
5,67,Error,0.10424846947388614
5,68,0.07295393943786621
5,69,0.08310365676879883
5,70,0.0730736255645752
5,71,0.06982016563415527
5,72,0.0756385326385498
5,73,0.07555556297302246
5,74,0.06722068786621094
5,75,0.07380962371826172
5,76,Error,0.18198563047647776
5,77,0.07412004470825195
5,78,0.07028508186340332
5,79,Error,0.1250318365878995
5,80,Error,0.22531284355351136
5,81,Error,0.0801786573584214
5,82,Error,0.017167926821835728
5,83,Error,0.13397584501895357
5,84,0.07745623588562012
5,85,0.06949520111083984
5,86,0.0740516185760498
5,87,Error,0.09301453555880987
5,88,0.07602500915527344
5,89,Error,0.04341139084262787
5,90,0.07124996185302734
5,91,0.06946253776550293
5,92,0.0709536075592041
5,93,0.07253813743591309
5,94,0.06356644630432129
5,95,0.07332396507263184
5,96,0.07968974113464355
5,97,Error,0.008206172008197616
5,98,0.06780624389648438
5,99,0.0600130558013916
5,100,0.053392887115478516
5,101,0.0591733455657959
5,102,0.059516191482543945
5,103,0.06652140617370605
5,104,0.06472444534301758
5,105,0.05817914009094238
5,106,0.06628060340881348
5,107,Error,0.11745907136102256
5,108,Error,0.030891640271882494
5,109,Error,0.09882790543819166
5,110,Error,0.10007605352636212
5,111,0.07373547554016113
5,112,Error,0.18779898269306464
5,113,0.059032440185546875
5,114,0.05752873420715332
5,115,Error,0.06259568881522287
5,116,0.05186867713928223
5,117,Error,0.017956437690702296
5,118,0.05652451515197754
5,119,0.06512618064880371
5,120,Error,0.21937012371983095
5,121,Error,0.029921726003464492
5,122,0.05016446113586426
5,123,0.06063961982727051
5,124,0.06162548065185547
5,125,0.06240057945251465
5,126,0.06269574165344238
5,127,0.07486104965209961
5,128,Error,0.07546277744896086
5,129,0.05127668380737305
5,130,Error,0.10325612649431833
5,131,Error,9.658864404250682e-05
5,132,Error,0.1279714591594222
5,133,Error,0.08225318636318171
5,134,Error,0.012541124894071264
5,135,0.06910824775695801
5,136,0.05858135223388672
5,137,0.05280423164367676
5,138,Error,0.0368511905697493
5,139,Error,0.17481210291691957
5,140,Error,0.1393330901724367
5,141,0.07567715644836426
5,142,0.06856727600097656
5,143,Error,0.15937380275534552
5,144,0.07372188568115234
5,145,0.062047481536865234
5,146,Error,0.06523212505155304
5,147,0.0621953010559082
5,148,Error,0.18970870497887787
5,149,0.05338478088378906
5,150,0.056493520736694336
5,151,0.052301883697509766
5,152,Error,0.03691145505505952
5,153,0.0669708251953125
5,154,Error,0.1539317217185088
5,155,0.06922578811645508
5,156,0.07013773918151855
5,157,0.06687140464782715
5,158,0.058745384216308594
5,159,0.06890249252319336
5,160,0.0535585880279541
5,161,Error,0.034871586591929585
5,162,0.06353068351745605
5,163,Error,0.10664240190781249
5,164,Error,0.04450767874965699
5,165,Error,0.08189479131385964
5,166,0.06662869453430176
5,167,Error,0.04759977928868568
5,168,0.05435037612915039
5,169,Error,0.13287873928739297
5,170,Error,0.008029710860054915
5,171,Error,0.04635936815517145
5,172,0.057390689849853516
5,173,Error,0.07531397332686184
5,174,Error,0.11689198613417165
5,175,0.06342720985412598
5,176,0.0669395923614502
5,177,0.06938910484313965
5,178,0.06730437278747559
5,179,Error,0.02507523178029399
5,180,0.06928563117980957
5,181,0.06805038452148438
5,182,Error,0.03195252326415789
5,183,0.052976369857788086
5,184,0.05672764778137207
5,185,0.04870748519897461
5,186,Error,0.15788484099314182
5,187,0.07684183120727539
5,188,0.0696413516998291
5,189,Error,0.22683058435882222
5,190,Error,0.022990471446102913
5,191,0.07382059097290039
5,192,Error,0.006586247123464357
5,193,Error,0.12731695887407532
5,194,0.06433534622192383
5,195,Error,0.21985933127400667
5,196,0.07781124114990234
5,197,Error,0.16669770145259724
5,198,Error,0.09590721401159019
5,199,Error,0.05839013566232467
5,200,0.07335996627807617
5,201,0.0685877799987793
5,202,Error,0.11772476538149794
5,203,0.06771397590637207
5,204,Error,0.11462832660784342
5,205,0.06300640106201172
5,206,0.07843399047851562
5,207,0.0696709156036377
5,208,0.0659935474395752
5,209,Error,0.06765218637898139
5,210,0.07121682167053223
5,211,0.07680225372314453
5,212,0.06854653358459473
5,213,0.07487940788269043
5,214,Error,0.18911154690432194
5,215,Error,0.09054357887057153
5,216,Error,0.06706407387985287
5,217,0.06276869773864746
5,218,0.059967756271362305
5,219,0.05994415283203125
5,220,Error,0.10588421618402492
5,221,0.04638838768005371
5,222,0.05333542823791504
5,223,0.05612683296203613
5,224,0.06351041793823242
5,225,0.05803036689758301
5,226,0.05600905418395996
5,227,Error,0.03534769809270031
5,228,Error,0.1656585644485097
5,229,Error,0.1287553409918013
5,230,0.06823372840881348
5,231,Error,0.0875473329294889
5,232,Error,0.1842830983030075
5,233,Error,0.16337560189217165
5,234,0.052214860916137695
5,235,Error,0.1614745300303499
5,236,0.061449527740478516
5,237,0.0672006607055664
5,238,0.06946063041687012
5,239,0.07553291320800781
5,240,Error,0.003523025503084524
5,241,0.05143022537231445
5,242,0.058124542236328125
5,243,Error,0.08875670228905544
5,244,0.04855966567993164
5,245,Error,0.04890417811868981
5,246,Error,0.19515311422337903
5,247,Error,0.017160178327666534
5,248,0.06383132934570312
5,249,0.053431034088134766
5,250,Error,0.15008547568156722
5,251,Error,0.11710308116609006
5,252,0.06156730651855469
5,253,0.07033371925354004
5,254,0.06215858459472656
5,255,0.053931474685668945
5,256,0.058244943618774414
5,257,Error,0.05203555957368649
5,258,Error,0.09974637723967908
5,259,Error,0.13338766945307778
5,260,0.08551168441772461
5,261,0.0972602367401123
5,262,Error,0.14965695370043675
5,263,Error,0.057637984288939584
5,264,0.07031893730163574
5,265,Error,0.010815292354596707
5,266,0.0595095157623291
5,267,Error,0.03489539649303335
5,268,Error,0.02645200124852529
5,269,0.06785440444946289
5,270,Error,0.0066998330926019275
5,271,0.06728696823120117
5,272,0.06393146514892578
5,273,Error,0.19756050782166626
5,274,Error,0.016468565660080408
5,275,0.05041837692260742
5,276,0.051088571548461914
5,277,Error,0.0306282111836386
5,278,Error,0.05236107418910149
5,279,0.05180621147155762
5,280,Error,0.10517303583812807
5,281,Error,0.113835363526496
5,282,0.0591428279876709
5,283,0.0696723461151123
5,284,0.060387611389160156
5,285,0.09444880485534668
5,286,0.07092595100402832
5,287,Error,0.18144438315144962
5,288,Error,0.09273075277248805
5,289,0.06784343719482422
5,290,0.07350897789001465
5,291,Error,0.10512280967397926
5,292,0.06781291961669922
5,293,Error,0.04775228990791161
5,294,Error,0.12055031972325835
5,295,0.06792926788330078
5,296,0.07202744483947754
5,297,0.07955479621887207
5,298,0.0696263313293457
5,299,0.08561348915100098
5,300,0.07471752166748047
5,301,0.0749502182006836
5,302,Error,0.062169120528523455
5,303,0.0905914306640625
5,304,Error,0.11729633160880659
5,305,Error,0.13420676956785696
5,306,0.06966137886047363
5,307,0.06805729866027832
5,308,0.07022237777709961
5,309,0.06822061538696289
5,310,Error,0.1913112546814075
5,311,Error,0.08530872814893652
5,312,Error,0.17441706142434774
5,313,0.06884336471557617
5,314,Error,0.11029963900904763
5,315,Error,0.18057027024968128
5,316,0.0683286190032959
5,317,Error,0.05235126892154165
5,318,0.07634735107421875
5,319,0.06247830390930176
5,320,Error,0.04074929739211204
5,321,0.06717967987060547
5,322,0.06306099891662598
5,323,0.06577444076538086
5,324,0.06931710243225098
5,325,0.063812255859375
5,326,0.0660097599029541
5,327,0.07010626792907715
5,328,0.07957291603088379
5,329,0.07981109619140625
5,330,0.08252787590026855
5,331,Error,0.13740023382738703
5,332,Error,0.07482567856648488
5,333,0.0711812973022461
5,334,0.07284307479858398
5,335,Error,0.1850542448648797
5,336,0.06847143173217773
5,337,0.06562995910644531
5,338,0.058600425720214844
5,339,0.07073211669921875
5,340,0.06337356567382812
5,341,0.07915043830871582
5,342,Error,0.11886640771888225
5,343,Error,0.12067385451483846
5,344,Error,0.16566420350681207
5,345,Error,0.1315493266978024
5,346,Error,0.1361321112584669
5,347,Error,0.18587337532087833
5,348,0.06178593635559082
5,349,0.06590151786804199
5,350,Error,0.08410010198923354
5,351,0.0709695816040039
5,352,0.07170748710632324
5,353,0.06584858894348145
5,354,Error,0.05430768768996163
5,355,0.06375670433044434
5,356,0.07081842422485352
5,357,0.05278944969177246
5,358,Error,0.1441815990038019
5,359,0.06753778457641602
5,360,Error,0.11785724676465036
5,361,0.0682532787322998
5,362,Error,0.10199098502377686
5,363,0.06187176704406738
5,364,0.06707620620727539
5,365,Error,0.08170865534053796
5,366,Error,0.09512542920907
5,367,Error,0.13564728898138131
5,368,Error,0.12720468146971542
5,369,Error,0.03498890379139674
5,370,Error,0.1927862131174986
5,371,Error,0.004990616395471884
5,372,Error,0.1614474881724483
5,373,0.06746196746826172
5,374,0.07332539558410645
5,375,0.06129956245422363
5,376,Error,0.013991122295229978
5,377,Error,0.04984428119258182
5,378,0.06376481056213379
5,379,0.07053446769714355
5,380,0.06505465507507324
5,381,0.06721735000610352
5,382,Error,0.07114369547973959
5,383,0.06554341316223145
5,384,0.049378156661987305
5,385,0.056962013244628906
5,386,Error,0.2001253267852249
5,387,Error,0.05404682745179384
5,388,0.06600213050842285
5,389,0.07408881187438965
5,390,Error,0.0818013743916068
5,391,0.06316471099853516
5,392,0.05627179145812988
5,393,0.060059547424316406
5,394,0.05382728576660156
5,395,0.06895732879638672
5,396,0.05846858024597168
5,397,0.0603795051574707
5,398,Error,0.02546531360059221
5,399,Error,0.0362625188468253
5,400,0.0598599910736084
5,401,0.06284379959106445
5,402,0.0543513298034668
5,403,0.06607341766357422
5,404,0.05981016159057617
5,405,0.0722360610961914
5,406,Error,0.1766734633193437
5,407,Error,0.14603537367973884
5,408,Error,0.17895080755198983
5,409,0.05734586715698242
5,410,Error,0.03798737992186811
5,411,0.05010533332824707
5,412,Error,0.13828884146671322
5,413,Error,0.04914365647120393
5,414,0.06664514541625977
5,415,0.07185482978820801
5,416,0.07413721084594727
5,417,0.06313848495483398
5,418,0.058657169342041016
5,419,Error,0.165495452043561
5,420,0.056876420974731445
5,421,Error,0.09912488551732476
5,422,0.0494229793548584
5,423,0.057795047760009766
5,424,Error,0.02170371817271688
5,425,Error,0.1351901709552154
5,426,0.05790901184082031
5,427,0.05590033531188965
5,428,0.07200741767883301
5,429,Error,0.08164463263452261
5,430,Error,0.1147299696958965
5,431,0.06895685195922852
5,432,0.05755257606506348
5,433,0.06851506233215332
5,434,0.05907130241394043
5,435,Error,0.003121801485983118
5,436,0.05650186538696289
5,437,Error,0.013450810367117589
5,438,Error,0.14198758984018717
5,439,Error,0.09391400385491537
5,440,0.0640556812286377
5,441,0.06440234184265137
5,442,0.07441592216491699
5,443,Error,0.21003129190758393
5,444,0.0829935073852539
5,445,Error,0.09357917192930117
5,446,0.06675505638122559
5,447,0.05770540237426758
5,448,0.0617523193359375
5,449,0.07384324073791504
5,450,0.08013510704040527
5,451,0.07324814796447754
5,452,0.07404208183288574
5,453,0.07497763633728027
5,454,0.08159518241882324
5,455,Error,0.05327301856388123
5,456,0.08678960800170898
5,457,0.07737445831298828
5,458,Error,0.147522471611682
5,459,0.08097147941589355
5,460,0.07514166831970215
5,461,Error,0.06989677323726194
5,462,0.06575226783752441
5,463,0.06745123863220215
5,464,Error,0.022469999400711347
5,465,Error,0.018305471879857548
5,466,0.07145810127258301
5,467,0.06253528594970703
5,468,0.07158255577087402
5,469,Error,0.1983556776403281
5,470,0.08425641059875488
5,471,Error,0.0034477728238860306
5,472,0.06970453262329102
5,473,Error,0.12047178702209511
5,474,0.06686282157897949
5,475,0.05312681198120117
5,476,0.05274510383605957
5,477,0.05928158760070801
5,478,0.06286334991455078
5,479,0.07157087326049805
5,480,0.07725644111633301
5,481,0.06893539428710938
5,482,0.06535625457763672
5,483,0.0701303482055664
5,484,0.05956602096557617
5,485,Error,4.336999348131871e-05
5,486,Error,0.07027741513055541
5,487,Error,0.05399296989577091
5,488,0.06012535095214844
5,489,Error,0.13927853904145193
5,490,0.05931663513183594
5,491,0.06343722343444824
5,492,Error,0.08281876879781086
5,493,0.07109975814819336
5,494,0.05969071388244629
5,495,0.05628681182861328
5,496,Error,0.09980200648656362
5,497,Error,0.13106252272464858
5,498,Error,0.19633204289215292
5,499,Error,0.0036699762640625007
5,500,0.06592416763305664
5,501,0.05936884880065918
5,502,0.06048393249511719
5,503,0.07119607925415039
5,504,Error,0.17904869718114644
5,505,Error,0.07222352274079714
5,506,Error,0.16884418191930198
5,507,0.05757927894592285
5,508,Error,0.008470522664292717
5,509,Error,0.10666617271444374
5,510,0.07047224044799805
5,511,Error,0.0828016702904143
5,512,0.055143117904663086
5,513,Error,0.15303644025139998
5,514,0.07448291778564453
5,515,0.06591987609863281
5,516,0.07385063171386719
5,517,0.06671547889709473
5,518,0.05409073829650879
5,519,Error,0.0503398691154367
5,520,0.05180478096008301
5,521,0.06466531753540039
5,522,Error,0.013297962254069822
5,523,0.06345343589782715
5,524,0.06766605377197266
5,525,Error,0.024970437413087125
5,526,Error,0.021283206547368216
5,527,0.06874370574951172
5,528,0.06880354881286621
5,529,0.05666708946228027
5,530,0.06749463081359863
5,531,Error,0.05266286351811237
5,532,Error,0.15875551812006694
5,533,0.06404614448547363
5,534,0.06216716766357422
5,535,Error,0.07998108377186515
5,536,0.0675191879272461
5,537,0.06092429161071777
5,538,Error,0.16215798762968367
5,539,0.05471372604370117
5,540,0.05692148208618164
5,541,0.06483125686645508
5,542,0.055246829986572266
5,543,Error,0.1706134827936803
5,544,0.05119967460632324
5,545,0.05612659454345703
5,546,0.06104922294616699
5,547,Error,0.061690449983894086
5,548,0.0660254955291748
5,549,0.05809903144836426
5,550,Error,0.010283560528982418
5,551,0.05892038345336914
5,552,Error,0.16161853880964455
5,553,0.0602107048034668
5,554,0.06594038009643555
5,555,0.0699465274810791
5,556,Error,0.16894220916187044
5,557,0.05520915985107422
5,558,Error,0.15528616645427293
5,559,0.06298637390136719
5,560,0.07351112365722656
5,561,Error,0.029802996877267302
5,562,Error,0.08623934995622858
5,563,0.0714719295501709
5,564,Error,0.18984101732935602
5,565,Error,0.11466452911140751
5,566,0.07788395881652832
5,567,0.06823182106018066
5,568,0.07432246208190918
5,569,0.07231426239013672
5,570,Error,0.010354909429830255
5,571,0.07714295387268066
5,572,Error,0.22094276205460078
5,573,0.08473801612854004
5,574,Error,0.062252286446042075
5,575,0.0701146125793457
5,576,0.0726315975189209
5,577,Error,0.018574170402106856
5,578,Error,0.20231532744080163
5,579,0.07171940803527832
5,580,Error,0.05753126837650766
5,581,0.06437182426452637
5,582,0.07218790054321289
5,583,Error,0.06668416848498344
5,584,Error,0.09204697910461739
5,585,0.06984329223632812
5,586,0.0762186050415039
5,587,0.06908535957336426
5,588,0.06797027587890625
5,589,Error,0.16488421029793168
5,590,0.0821676254272461
5,591,Error,0.06362805851724569
5,592,Error,0.1439838002181077
5,593,Error,0.21793063621978148
5,594,0.06252312660217285
5,595,Error,0.006689466304518184
5,596,0.06114625930786133
5,597,Error,0.06775360243516794
5,598,Error,0.17959316867057212
5,599,0.07128214836120605
5,600,0.07118606567382812
5,601,0.061367034912109375
5,602,0.06344890594482422
5,603,0.051494598388671875
5,604,0.04533696174621582
5,605,0.0507967472076416
5,606,0.05669045448303223
5,607,Error,0.19825060797099708
5,608,0.06929993629455566
5,609,Error,0.09215869419348512
5,610,0.0628962516784668
5,611,Error,0.1463712046137875
5,612,Error,0.20143284961727634
5,613,Error,0.18747107572782598
5,614,0.046740055084228516
5,615,0.05630683898925781
5,616,0.05734896659851074
5,617,0.10322022438049316
5,618,0.05625462532043457
5,619,0.0520782470703125
5,620,0.0641329288482666
5,621,Error,0.0421434130274621
5,622,0.07040905952453613
5,623,Error,0.01081409093556029
5,624,Error,0.13526971274976593
5,625,0.05241751670837402
5,626,0.04691338539123535
5,627,Error,0.1066076315012918
5,628,Error,0.018181354719458493
5,629,0.07287096977233887
5,630,0.06753301620483398
5,631,0.05857992172241211
5,632,Error,0.01930853860392937
5,633,Error,0.19297106632163108
5,634,0.061499595642089844
5,635,Error,0.1918598357982067
5,636,Error,0.10430101736340464
5,637,0.07360577583312988
5,638,0.07446861267089844
5,639,0.06638884544372559
5,640,0.06119990348815918
5,641,0.07103681564331055
5,642,0.07041430473327637
5,643,0.07497906684875488
5,644,0.0678107738494873
5,645,Error,0.057629926009306366
5,646,Error,0.010426441473466955
5,647,0.06727480888366699
5,648,Error,0.15784636749691702
5,649,0.06914472579956055
5,650,0.04595375061035156
5,651,Error,0.032970139317330664
5,652,0.05795693397521973
5,653,Error,0.1250332609137231
5,654,Error,0.08184358699772204
5,655,Error,0.11276704654235263
5,656,Error,0.09598936343582698
5,657,Error,0.03234478388216851
5,658,0.0843656063079834
5,659,Error,0.19923765628435092
5,660,Error,0.13487215528254043
5,661,Error,0.011337022688131963
5,662,Error,0.10709454671289628
5,663,0.08070206642150879
5,664,0.08041024208068848
5,665,0.08806586265563965
5,666,0.08856725692749023
5,667,0.08868956565856934
5,668,Error,0.10879658874478124
5,669,0.0737447738647461
5,670,0.0755765438079834
5,671,0.07097601890563965
5,672,Error,0.17506922481962495
5,673,Error,0.21030592138464338
5,674,Error,0.1851506599587648
5,675,0.0783083438873291
5,676,Error,0.012645700371320297
5,677,0.06846284866333008
5,678,Error,0.1432234125186281
5,679,Error,0.18611785477517495
5,680,0.06959700584411621
5,681,0.055580854415893555
5,682,Error,0.04023972887486531
5,683,0.07152605056762695
5,684,0.06800436973571777
5,685,Error,0.1469752062038384
5,686,Error,0.040316289840185884
5,687,0.06818008422851562
5,688,0.05729222297668457
5,689,Error,0.01685084604117259
5,690,0.0641164779663086
5,691,0.05487465858459473
5,692,Error,0.09805169304549083
5,693,0.058463096618652344
5,694,Error,0.01603715820110296
5,695,Error,0.16870804358494954
5,696,0.04873061180114746
5,697,0.05418872833251953
5,698,0.07288742065429688
5,699,0.062294721603393555
5,700,0.06604433059692383
5,701,0.06442713737487793
5,702,Error,0.09238345683632541
5,703,0.07096362113952637
5,704,0.07387471199035645
5,705,0.06270670890808105
5,706,0.06344103813171387
5,707,Error,0.05170461014040842
5,708,Error,0.1682667795619751
5,709,0.07123231887817383
5,710,Error,0.12360567421305126
5,711,Error,0.06512834474977457
5,712,0.06870365142822266
5,713,0.058449745178222656
5,714,Error,0.018297920419270607
5,715,0.05661582946777344
5,716,0.06698060035705566
5,717,Error,0.17067632482810977
5,718,0.06423258781433105
5,719,0.058516502380371094
5,720,0.05676865577697754
5,721,0.05452132225036621
5,722,Error,0.193200853613605
5,723,0.05976080894470215
5,724,Error,0.06884540158355526
5,725,Error,0.14078731982537837
5,726,0.0634922981262207
5,727,Error,0.0501885404626182
5,728,0.0724799633026123
5,729,Error,0.06742820776224427
5,730,0.07125306129455566
5,731,0.06639766693115234
5,732,0.06363868713378906
5,733,0.06852507591247559
5,734,0.06126713752746582
5,735,Error,0.05874141754133365
5,736,0.06575727462768555
5,737,0.0777735710144043
5,738,Error,0.04854075150813984
5,739,0.06135749816894531
5,740,0.05605673789978027
5,741,Error,0.05524996785452265
5,742,0.06997871398925781
5,743,Error,0.1284415040593682
5,744,0.05502200126647949
5,745,Error,0.1269388852169916
5,746,Error,0.1301726832617353
5,747,Error,0.11664660008655373
5,748,Error,0.1327507622060074
5,749,Error,0.02046604064996075
5,750,Error,0.03439721100616032
5,751,0.07163739204406738
5,752,0.06653928756713867
5,753,0.06019878387451172
5,754,Error,0.03552673346041991
5,755,Error,0.1341758428627857
5,756,0.08066678047180176
5,757,0.06757688522338867
5,758,0.06175732612609863
5,759,0.07220816612243652
5,760,0.07317113876342773
5,761,Error,0.0492482288205802
5,762,0.0815725326538086
5,763,0.0829777717590332
5,764,0.07583212852478027
5,765,Error,0.07497107563523588
5,766,Error,0.1574045338610526
5,767,Error,0.17894301128945717
5,768,0.08187031745910645
5,769,0.08181619644165039
5,770,0.0763552188873291
5,771,Error,0.13577711168426623
5,772,0.06887459754943848
5,773,0.07268881797790527
5,774,0.06218361854553223
5,775,0.06160759925842285
5,776,Error,0.20522675023238163
5,777,Error,0.18254408433134822
5,778,0.07027268409729004
5,779,0.07308483123779297
5,780,Error,0.17145428863506015
5,781,Error,0.10412228201192568
5,782,Error,0.12432223985507415
5,783,0.07590031623840332
5,784,0.07970809936523438
5,785,Error,0.09194482502797603
5,786,0.06074190139770508
5,787,Error,0.07685600679743013
5,788,Error,0.10360016073258249
5,789,Error,0.06124129875754156
5,790,Error,0.01118536440821069
5,791,0.06380558013916016
5,792,0.07056069374084473
5,793,0.0572354793548584
5,794,0.07062554359436035
5,795,0.08468866348266602
5,796,0.08017706871032715
5,797,0.08347034454345703
5,798,0.08037137985229492
5,799,0.08347702026367188
5,800,0.08517146110534668
5,801,0.07795834541320801
5,802,0.06977438926696777
5,803,0.06759166717529297
5,804,0.0650644302368164
5,805,0.0641789436340332
5,806,0.059023141860961914
5,807,0.07060861587524414
5,808,0.07521677017211914
5,809,0.07639551162719727
5,810,0.06890869140625
5,811,Error,0.1129836477048322
5,812,Error,0.05510256124054041
5,813,Error,0.1271527752937618
5,814,Error,0.034368653847071086
5,815,0.06285977363586426
5,816,0.07268905639648438
5,817,0.07706713676452637
5,818,0.06702351570129395
5,819,0.07102108001708984
5,820,Error,0.18324469648055003
5,821,0.07128357887268066
5,822,0.0686788558959961
5,823,0.07955384254455566
5,824,0.07343220710754395
5,825,Error,0.06594786128204329
5,826,0.06594133377075195
5,827,Error,0.18200354645689676
5,828,0.06634664535522461
5,829,0.06841087341308594
5,830,0.07537627220153809
5,831,Error,0.13932761752566733
5,832,0.08613157272338867
5,833,0.08291435241699219
5,834,Error,0.11673904612273112
5,835,Error,0.14171904537761124
5,836,Error,0.11159368013259857
5,837,Error,0.09350463235343273
5,838,Error,0.04593404995501511
5,839,Error,0.2001163143831382
5,840,0.0659799575805664
5,841,0.0681447982788086
5,842,0.07396531105041504
5,843,Error,0.012262588366726392
5,844,Error,0.1262003340459111
5,845,Error,0.07623810254419061
5,846,Error,0.12894589810017165
5,847,0.06412339210510254
5,848,Error,0.1474184548219025
5,849,Error,0.02603990776280094
5,850,0.08172440528869629
5,851,0.06287288665771484
5,852,0.06808853149414062
5,853,0.06304502487182617
5,854,Error,0.006880929797327807
5,855,0.06725692749023438
5,856,0.08085370063781738
5,857,0.06511449813842773
5,858,Error,0.03323194670891719
5,859,0.07879018783569336
5,860,0.06755661964416504
5,861,0.07647919654846191
5,862,Error,0.07118735150516006
5,863,0.06931829452514648
5,864,0.07958841323852539
5,865,0.07330942153930664
5,866,0.09297537803649902
5,867,Error,0.051923415948443616
5,868,0.07240581512451172
5,869,0.07172846794128418
5,870,0.09176349639892578
5,871,Error,0.13140631541095324
5,872,Error,0.1212030862978742
5,873,0.07779169082641602
5,874,0.08447384834289551
5,875,Error,0.24104246478332525
5,876,0.05299973487854004
5,877,0.05884408950805664
5,878,0.06214714050292969
5,879,0.06077861785888672
5,880,0.06770610809326172
5,881,Error,0.186709402817486
5,882,0.07596421241760254
5,883,0.061977386474609375
5,884,Error,0.004067129358625688
5,885,0.06862497329711914
5,886,0.07577943801879883
5,887,0.07360291481018066
5,888,0.07415366172790527
5,889,0.07533431053161621
5,890,Error,0.1351326775068058
5,891,0.05553030967712402
5,892,0.05794882774353027
5,893,0.06036734580993652
5,894,Error,0.19001833254833556
5,895,0.07276582717895508
5,896,Error,0.1961868133608304
5,897,0.08149504661560059
5,898,Error,0.0981349298026314
5,899,0.08375930786132812
5,900,Error,0.2211026995496737
5,901,Error,0.1951477363554335
5,902,0.05805826187133789
5,903,Error,0.09959501362017059
5,904,Error,0.18545080537047187
5,905,Error,0.12596981893280668
5,906,0.07256746292114258
5,907,Error,0.020995672977521716
5,908,0.0733785629272461
5,909,Error,0.10376637309176634
5,910,0.06556296348571777
5,911,Error,0.05766926625726891
5,912,0.07224249839782715
5,913,Error,0.05044310235217961
5,914,0.07637262344360352
5,915,Error,0.03165649308573595
5,916,Error,0.03041732756414904
5,917,0.062305450439453125
5,918,Error,0.04483910738849021
5,919,0.06940078735351562
5,920,0.07650041580200195
5,921,Error,0.10199419170783157
5,922,Error,0.029343072393616117
5,923,0.0674283504486084
5,924,0.07766842842102051
5,925,0.07464861869812012
5,926,0.0720987319946289
5,927,0.0785212516784668
5,928,Error,0.18924331892543195
5,929,0.08110547065734863
5,930,0.07663798332214355
5,931,Error,0.12025636972342774
5,932,Error,0.07510666213667942
5,933,Error,0.1369153042436498
5,934,0.07780790328979492
5,935,Error,0.041802531933858855
5,936,0.06920027732849121
5,937,0.06817436218261719
5,938,0.0630650520324707
5,939,Error,0.17808195295079823
5,940,0.06713747978210449
5,941,0.06914687156677246
5,942,Error,0.0762138583868643
5,943,0.07078909873962402
5,944,0.07258057594299316
5,945,0.08621597290039062
5,946,0.07710409164428711
5,947,Error,0.24556398318431438
5,948,Error,0.18693845573385806
5,949,0.08347249031066895
5,950,Error,0.05718397571505845
5,951,0.08185505867004395
5,952,Error,0.02228994796321993
5,953,Error,0.19421797544441843
5,954,0.07259082794189453
5,955,Error,0.09069590142691271
5,956,Error,0.059826292515460414
5,957,Error,0.02845962295424466
5,958,0.07697916030883789
5,959,Error,0.22864839463958697
5,960,0.07049965858459473
5,961,0.06825828552246094
5,962,0.07362937927246094
5,963,0.07403779029846191
5,964,Error,0.11864793120077165
5,965,Error,0.011543674484920644
5,966,0.05885720252990723
5,967,Error,0.13165345373521875
5,968,0.07160115242004395
5,969,0.0763094425201416
5,970,Error,0.15840597565181763
5,971,0.06931781768798828
5,972,0.06713604927062988
5,973,0.07340502738952637
5,974,Error,0.10535002423371516
5,975,Error,0.17359740556811099
5,976,0.06822371482849121
5,977,Error,0.12301261406270608
5,978,0.07152700424194336
5,979,0.07470083236694336
5,980,Error,0.012848049327576196
5,981,0.07109498977661133
5,982,0.06905651092529297
5,983,0.06460046768188477
5,984,Error,0.14306784132471187
5,985,0.060413360595703125
5,986,0.06528759002685547
5,987,Error,0.08174208869593022
5,988,0.06334328651428223
5,989,Error,0.12299986381690366
5,990,0.06344747543334961
5,991,0.06575727462768555
5,992,Error,0.17059681081272934
5,993,0.07867765426635742
5,994,0.07758283615112305
5,995,0.07565498352050781
5,996,Error,0.10654548831600705
5,997,0.07158207893371582
5,998,Error,0.1813027640206413
5,999,0.07302021980285645
5,1000,Error,0.027019229193813016
5,1001,Error,0.10607692045187127
5,1002,0.07463955879211426
5,1003,0.0766592025756836
5,1004,Error,0.18934580968004783
5,1005,Error,0.049406073818099965
5,1006,0.08457064628601074
5,1007,0.06756019592285156
5,1008,0.07524299621582031
5,1009,0.0884099006652832
5,1010,Error,0.022539291850837168
5,1011,Error,0.00508494688650028
5,1012,Error,0.03429499124487594
5,1013,Error,0.13658022814296214
5,1014,Error,0.1015854088692016
5,1015,Error,0.16904752000767992
5,1016,0.06922698020935059
5,1017,0.07186150550842285
5,1018,Error,0.03086417156875058
5,1019,0.08524537086486816
5,1020,Error,0.01842310511471011
5,1021,Error,0.21319947199878178
5,1022,Error,0.020774626705818696
5,1023,Error,0.18820162873108318
5,1024,0.06954026222229004
5,1025,Error,0.06017489652613743
5,1026,0.08345580101013184
5,1027,0.07304549217224121
5,1028,Error,0.1618192753544217
5,1029,Error,0.030850732080237996
5,1030,0.08120203018188477
5,1031,Error,0.15512722499992776
5,1032,0.0840301513671875
5,1033,Error,0.05677423794963819
5,1034,Error,0.11909197346348374
5,1035,Error,0.23719285210454527
5,1036,0.07617807388305664
5,1037,Error,0.08333713897772332
5,1038,0.08624649047851562
5,1039,0.10265564918518066
5,1040,Error,0.1791729153126649
5,1041,Error,0.08521056491536046
5,1042,Error,0.01744916563900696
5,1043,0.0662848949432373
5,1044,Error,0.059503094573062715
5,1045,0.0803213119506836
5,1046,0.06956267356872559
5,1047,Error,0.11731815259591702
5,1048,0.07655549049377441
5,1049,0.07275557518005371
5,1050,Error,0.2165720331987337
5,1051,0.08730602264404297
5,1052,Error,0.09474238898311738
5,1053,0.07333779335021973
5,1054,0.07221484184265137
5,1055,Error,0.10709377245743876
5,1056,0.06530046463012695
5,1057,0.07071709632873535
5,1058,0.07216835021972656
5,1059,0.07145214080810547
5,1060,0.07502365112304688
5,1061,0.07407879829406738
5,1062,Error,0.21126354456513327
5,1063,Error,0.22028515675364582
5,1064,0.07382655143737793
5,1065,Error,0.16024685505203912
5,1066,0.07974863052368164
5,1067,0.08439874649047852
5,1068,0.07669568061828613
5,1069,0.07455992698669434
5,1070,Error,0.11968097789160623
5,1071,0.07951045036315918
5,1072,0.06740593910217285
5,1073,0.07058501243591309
5,1074,0.07898640632629395
5,1075,Error,0.025672078187133726
5,1076,0.07503986358642578
5,1077,Error,0.1058638101447511
5,1078,Error,0.1592194952242542
5,1079,Error,0.18289674951817875
5,1080,0.07146096229553223
5,1081,0.08487749099731445
5,1082,Error,0.05336266231351871
5,1083,Error,0.031733027695212405
5,1084,Error,0.17691493707406672
5,1085,0.07840871810913086
5,1086,0.06940221786499023
5,1087,Error,0.19466794111181993
5,1088,0.08067822456359863
5,1089,0.08160972595214844
5,1090,0.06894564628601074
5,1091,0.06684303283691406
5,1092,Error,0.030982850443915046
5,1093,0.07871699333190918
5,1094,Error,0.1976789066506627
5,1095,0.07752633094787598
5,1096,0.07857942581176758
5,1097,0.08777570724487305
5,1098,Error,0.11218557458047607
5,1099,0.07499480247497559
5,1100,Error,0.07807352915579867
5,1101,0.08254384994506836
5,1102,0.0850822925567627
5,1103,0.07117104530334473
5,1104,0.07844972610473633
5,1105,0.08256649971008301
5,1106,0.07553720474243164
5,1107,0.06533384323120117
5,1108,0.05848836898803711
5,1109,Error,0.1977551091861948
5,1110,0.07502126693725586
5,1111,0.06992483139038086
5,1112,0.08292460441589355
5,1113,0.07058501243591309
5,1114,0.07578516006469727
5,1115,Error,0.1767699267511874
5,1116,0.052446842193603516
5,1117,Error,0.1965721232033653
5,1118,Error,0.045523873916368626
5,1119,0.05002093315124512
5,1120,Error,0.11135657463014036
5,1121,Error,0.007402339555100536
5,1122,Error,0.1294469553731348
5,1123,0.0583193302154541
5,1124,Error,0.05597842757252666
5,1125,0.06952214241027832
5,1126,0.06799483299255371
5,1127,0.07439899444580078
5,1128,0.06452465057373047
5,1129,0.05281567573547363
5,1130,0.05654263496398926
5,1131,Error,0.06296800445921935
5,1132,0.0700080394744873
5,1133,Error,0.0655564187637974
5,1134,0.06144285202026367
5,1135,Error,0.07920850393638346
5,1136,Error,0.09078699964038722
5,1137,0.05689644813537598
5,1138,0.05428481101989746
5,1139,Error,0.11753149432099638
5,1140,0.061493635177612305
5,1141,0.048885345458984375
5,1142,0.05357980728149414
5,1143,0.0704946517944336
5,1144,Error,0.030529739899491783
5,1145,0.06285667419433594
5,1146,Error,0.048410927616144885
5,1147,Error,0.0367338002198988
5,1148,0.062484025955200195
5,1149,Error,0.09505034997423656
5,1150,0.06286287307739258
5,1151,0.0679779052734375
5,1152,0.06554007530212402
5,1153,0.07439994812011719
5,1154,Error,0.0771119089484999
5,1155,Error,0.04662726992554028
5,1156,Error,0.18639679414849744
5,1157,Error,0.15035764840679158
5,1158,0.06735801696777344
5,1159,Error,0.09097046808268801
5,1160,Error,0.09647658503155004
5,1161,Error,0.08806887892650067
5,1162,0.05659008026123047
5,1163,0.06810259819030762
5,1164,0.059723854064941406
5,1165,Error,0.14867662982143676
5,1166,Error,0.13310507153449422
5,1167,Error,0.11995122915533285
5,1168,0.06555938720703125
5,1169,Error,0.17219202729791358
5,1170,0.06063556671142578
5,1171,0.06892752647399902
5,1172,0.0727241039276123
5,1173,0.0690915584564209
5,1174,Error,0.15126344267528885
5,1175,0.0611112117767334
5,1176,Error,0.1211573861844571
5,1177,0.051325321197509766
5,1178,Error,0.16013743409234726
5,1179,0.0561213493347168
5,1180,0.05541706085205078
5,1181,Error,0.03492999784272544
5,1182,Error,0.030663304695081963
5,1183,0.07528901100158691
5,1184,0.07001638412475586
5,1185,0.07175922393798828
5,1186,0.07649993896484375
5,1187,Error,0.0003269555183334779
5,1188,0.06097078323364258
5,1189,Error,0.10462269508968239
5,1190,Error,0.04738784450474959
5,1191,0.06468439102172852
5,1192,Error,0.09694556579688322
5,1193,0.058190345764160156
5,1194,0.06410813331604004
5,1195,0.06551551818847656
5,1196,0.06711268424987793
5,1197,0.07530045509338379
5,1198,0.06984162330627441
5,1199,Error,0.11678104798781183
5,1200,0.06850957870483398
5,1201,Error,0.010030777927034018
5,1202,0.07448053359985352
5,1203,0.07666826248168945
5,1204,Error,0.05415020240009337
5,1205,0.07250118255615234
5,1206,Error,0.0022409605202339117
5,1207,0.0645604133605957
5,1208,Error,0.0692706004991991
5,1209,0.08108758926391602
5,1210,0.08148074150085449
5,1211,0.07053279876708984
5,1212,Error,0.15165421644230231
5,1213,0.14057421684265137
5,1214,0.07723259925842285
5,1215,Error,0.1294819488073511
5,1216,Error,0.17232644901516944
5,1217,0.06829047203063965
5,1218,Error,0.02567599032412805
5,1219,Error,0.1509968290506218
5,1220,Error,0.15288388025984934
5,1221,0.06998491287231445
5,1222,Error,0.2080493443565147
5,1223,0.06290006637573242
5,1224,Error,0.1589307693334786
5,1225,0.07230639457702637
5,1226,0.07428765296936035
5,1227,0.08280587196350098
5,1228,0.07073473930358887
5,1229,0.06706428527832031
5,1230,Error,0.09000396153672298
5,1231,0.0761563777923584
5,1232,0.07442164421081543
5,1233,0.08155226707458496
5,1234,Error,0.1263608265459006
5,1235,Error,0.20399887773970204
5,1236,Error,0.16244942736575124
5,1237,Error,0.06006014386676446
5,1238,0.07796049118041992
5,1239,Error,0.07563313136763802
5,1240,0.07379841804504395
5,1241,0.07716822624206543
5,1242,0.08350515365600586
5,1243,0.06728744506835938
5,1244,Error,0.08948435598327235
5,1245,0.06734776496887207
5,1246,0.07925629615783691
5,1247,Error,0.12584390398394218
5,1248,Error,0.11024488791451201
5,1249,0.06353092193603516
5,1250,0.06926989555358887
5,1251,0.07661104202270508
5,1252,0.07523751258850098
5,1253,0.06756067276000977
5,1254,Error,0.09704586788072611
5,1255,0.0709078311920166
5,1256,0.081695556640625
5,1257,0.08173680305480957
5,1258,Error,0.07924420603989159
5,1259,Error,0.03167993431754224
5,1260,0.07807683944702148
5,1261,0.08424592018127441
5,1262,0.06420230865478516
5,1263,Error,0.1876115597110772
5,1264,0.07605814933776855
5,1265,Error,0.19563229458927064
5,1266,Error,0.058051737847375016
5,1267,0.06545329093933105
5,1268,Error,0.12757488613439613
5,1269,0.06336355209350586
5,1270,0.05875205993652344
5,1271,0.06295323371887207
5,1272,0.06258010864257812
5,1273,0.0656118392944336
5,1274,Error,0.19209717129831627
5,1275,0.05683016777038574
5,1276,Error,0.00040835494363968347
5,1277,Error,0.06733158334373178
5,1278,0.05772757530212402
5,1279,Error,0.08989452568704591
5,1280,0.048388004302978516
5,1281,Error,0.021700984492473905
5,1282,Error,0.14582442871653073
5,1283,0.06843829154968262
5,1284,Error,0.044907583021517455
5,1285,Error,0.2144295863647997
5,1286,0.07606387138366699
5,1287,0.06423807144165039
5,1288,Error,0.013080186739879002
5,1289,Error,0.05788976774643687
5,1290,Error,0.04309357215621957
5,1291,Error,0.06925627566805834
5,1292,0.06715607643127441
5,1293,0.0662381649017334
5,1294,Error,0.10405274461221178
5,1295,Error,0.025227682312604475
5,1296,0.06680750846862793
5,1297,0.07749724388122559
5,1298,0.06626224517822266
5,1299,Error,0.09134705378332114
5,1300,0.0630941390991211
5,1301,0.07372665405273438
5,1302,0.06712198257446289
5,1303,0.06196093559265137
5,1304,Error,0.1729743164568139
5,1305,0.06107521057128906
5,1306,Error,0.1354834249205309
5,1307,Error,0.13370845567412387
5,1308,0.06219887733459473
5,1309,0.0643608570098877
5,1310,0.060181617736816406
5,1311,0.06521224975585938
5,1312,0.07378125190734863
5,1313,Error,0.10804718439384428
5,1314,0.05291128158569336
5,1315,0.0472414493560791
5,1316,0.04352879524230957
5,1317,0.05429506301879883
5,1318,Error,0.0008600804940282776
5,1319,Error,0.1530113422897855
5,1320,0.06018996238708496
5,1321,0.06572651863098145
5,1322,Error,0.11213445918275593
5,1323,Error,0.015242317301120543
5,1324,0.061583757400512695
5,1325,0.060723066329956055
5,1326,Error,0.19556112391904582
5,1327,Error,0.010653094494114284
5,1328,Error,0.14551655783661008
5,1329,0.07611083984375
5,1330,0.07699966430664062
5,1331,0.08213043212890625
5,1332,Error,0.1509410543134258
5,1333,Error,0.032557721976932394
5,1334,0.06520533561706543
5,1335,0.06710648536682129
5,1336,Error,0.1808726761478385
5,1337,0.06121373176574707
5,1338,0.06058096885681152
5,1339,Error,0.04554327858527627
5,1340,Error,0.037593470415612014
5,1341,0.06466960906982422
5,1342,Error,0.016217984253838424
5,1343,0.07520532608032227
5,1344,Error,0.1011927158710783
5,1345,Error,0.058575948458026744
5,1346,0.08545327186584473
5,1347,0.08319497108459473
5,1348,0.08005619049072266
5,1349,0.07213044166564941
5,1350,0.06615614891052246
5,1351,0.06758236885070801
5,1352,0.07843828201293945
5,1353,0.06704378128051758
5,1354,Error,0.03383875719936715
5,1355,Error,0.16254458070340735
5,1356,0.07755541801452637
5,1357,0.08765935897827148
5,1358,Error,0.22767772266217237
5,1359,0.07219839096069336
5,1360,0.06852245330810547
5,1361,0.0663142204284668
5,1362,0.08760619163513184
5,1363,Error,0.19691606603190057
5,1364,Error,0.17750846997718753
5,1365,Error,0.025157201874509403
5,1366,0.07651257514953613
5,1367,0.07383990287780762
5,1368,0.07622885704040527
5,1369,Error,0.14610651582887146
5,1370,Error,0.09873067144481902
5,1371,Error,0.2081780906104677
5,1372,0.07817196846008301
5,1373,0.07702493667602539
5,1374,Error,0.02014794764475992
5,1375,Error,0.09776978055321761
5,1376,0.06980657577514648
5,1377,Error,0.13476366998289369
5,1378,0.07055377960205078
5,1379,Error,0.0917359504153366
5,1380,0.09346318244934082
5,1381,Error,0.05882053472404207
5,1382,Error,0.1826427471802589
5,1383,0.08374595642089844
5,1384,0.06670928001403809
5,1385,0.07952284812927246
5,1386,0.07460331916809082
5,1387,Error,0.11881143168102024
5,1388,0.06560516357421875
5,1389,Error,0.1576686208220146
5,1390,0.06546878814697266
5,1391,0.08005690574645996
5,1392,0.07782340049743652
5,1393,0.09003829956054688
5,1394,Error,0.012376133831637166
5,1395,0.07049560546875
5,1396,0.06596708297729492
5,1397,0.078033447265625
5,1398,0.08260250091552734
5,1399,Error,0.19846470355312018
5,1400,Error,0.19834289691245507
5,1401,0.06725859642028809
5,1402,Error,0.22586152874739693
5,1403,0.07187867164611816
5,1404,0.07329559326171875
5,1405,Error,0.10733082898068637
5,1406,Error,0.06244345669750975
5,1407,0.07747530937194824
5,1408,0.06870293617248535
5,1409,0.06630444526672363
5,1410,Error,0.18674399784017517
5,1411,Error,0.06514922916104389
5,1412,Error,0.12827330800317982
5,1413,Error,0.14437208762450882
5,1414,0.06341028213500977
5,1415,0.06532788276672363
5,1416,0.06354022026062012
5,1417,0.06985855102539062
5,1418,Error,0.1266837706602618
5,1419,Error,0.11322018423424961
5,1420,0.07535791397094727
5,1421,0.09444212913513184
5,1422,0.08841228485107422
5,1423,0.08033251762390137
5,1424,0.07309484481811523
5,1425,Error,0.08559749834953652
5,1426,0.060779571533203125
5,1427,0.06320762634277344
5,1428,0.07346844673156738
5,1429,0.08132743835449219
5,1430,0.0804142951965332
5,1431,Error,0.12671108694272587
5,1432,0.08060956001281738
5,1433,0.08403849601745605
5,1434,0.08368468284606934
5,1435,0.08202219009399414
5,1436,0.07514762878417969
5,1437,0.07322859764099121
5,1438,Error,0.1426760975333636
5,1439,Error,0.1224827983736804
5,1440,Error,0.020517303538880222
5,1441,Error,0.16617192615157797
5,1442,Error,0.1330230011899727
5,1443,Error,0.03499884698184824
5,1444,0.07606768608093262
5,1445,0.07487773895263672
5,1446,Error,0.08278860197681555
5,1447,0.07153558731079102
5,1448,0.07976317405700684
5,1449,0.08874893188476562
5,1450,Error,0.03797405396512903
5,1451,0.06301593780517578
5,1452,Error,0.16834214054844934
5,1453,0.0840754508972168
5,1454,Error,0.09747234554824843
5,1455,0.06590533256530762
5,1456,0.07192134857177734
5,1457,Error,0.06514412865722667
5,1458,Error,0.01515468498276373
5,1459,Error,0.08963508452423866
5,1460,0.07292032241821289
5,1461,0.07788300514221191
5,1462,0.06836891174316406
5,1463,Error,0.10509761019420169
5,1464,0.06458306312561035
5,1465,0.07289624214172363
5,1466,Error,0.09434480461959423
5,1467,Error,0.09039260218132308
5,1468,0.06933331489562988
5,1469,0.06509065628051758
5,1470,0.06631112098693848
5,1471,0.07969856262207031
5,1472,0.0886540412902832
5,1473,0.07614827156066895
5,1474,0.0757138729095459
5,1475,Error,0.06062103326042342
5,1476,0.07499027252197266
5,1477,Error,0.0732250616370243
5,1478,0.07238078117370605
5,1479,0.07360291481018066
5,1480,Error,0.1988765378886983
5,1481,Error,0.07053323916791691
5,1482,Error,0.22270479198069568
5,1483,Error,0.17207749816072074
5,1484,Error,0.18807210905367092
5,1485,0.08122372627258301
5,1486,Error,0.03168389643210738
5,1487,Error,0.060498983853466325
5,1488,0.07634878158569336
5,1489,0.06696724891662598
5,1490,Error,0.07735008033873053
5,1491,Error,0.002483028680504989
5,1492,0.07387757301330566
5,1493,0.06818389892578125
5,1494,Error,0.19472838761198832
5,1495,0.08243775367736816
5,1496,0.0754401683807373
5,1497,0.07791328430175781
5,1498,0.0746769905090332
5,1499,0.06581544876098633
5,1500,0.06071114540100098
5,1501,0.06613850593566895
5,1502,0.06563019752502441
5,1503,0.05991363525390625
5,1504,0.06861400604248047
5,1505,0.07318305969238281
5,1506,Error,0.1475683953316947
5,1507,Error,0.0818946631774892
5,1508,Error,0.11147002085781572
5,1509,0.08175945281982422
5,1510,0.08157873153686523
5,1511,0.0817863941192627
5,1512,0.07676267623901367
5,1513,0.06885194778442383
5,1514,0.0768733024597168
5,1515,0.06660294532775879
5,1516,Error,0.20032141610509058
5,1517,Error,0.21921072976330225
5,1518,0.06727218627929688
5,1519,Error,0.03368759113732778
5,1520,0.07293343544006348
5,1521,Error,0.14170664519177556
5,1522,Error,0.2177045471720426
5,1523,Error,0.1048594731729568
5,1524,0.07179045677185059
5,1525,Error,0.1854300927818319
5,1526,0.07115030288696289
5,1527,Error,0.00832447448285319
5,1528,0.07707357406616211
5,1529,0.0769338607788086
5,1530,0.08363771438598633
5,1531,Error,0.10722190698286004
5,1532,0.0643305778503418
5,1533,0.06233406066894531
5,1534,0.06245589256286621
5,1535,0.06352949142456055
5,1536,Error,0.08515461569576757
5,1537,Error,0.0027288502908251896
5,1538,Error,0.08386617480134136
5,1539,0.06584906578063965
5,1540,Error,0.19392644749315782
5,1541,0.07038187980651855
5,1542,Error,0.2047201828534673
5,1543,0.06775498390197754
5,1544,Error,0.20098852440462253
5,1545,0.07912683486938477
5,1546,Error,0.04746424359255265
5,1547,0.053432464599609375
5,1548,0.05683016777038574
5,1549,Error,0.12151211890695493
5,1550,0.06142735481262207
5,1551,Error,0.06272488409899298
5,1552,0.06672477722167969
5,1553,Error,0.10594863464911586
5,1554,Error,0.1433745367679602
5,1555,Error,0.08671905909428634
5,1556,0.05614805221557617
5,1557,0.0626382827758789
5,1558,Error,0.01830925863812743
5,1559,Error,0.03906166356764455
5,1560,Error,0.18979852045880752
5,1561,0.07805562019348145
5,1562,Error,0.09322171602505212
5,1563,0.07907652854919434
5,1564,0.08185744285583496
5,1565,Error,0.09586336344323257
5,1566,0.0632169246673584
5,1567,Error,0.0443511351096105
5,1568,0.05731654167175293
5,1569,0.06988406181335449
5,1570,Error,0.12620100889489522
5,1571,0.06804227828979492
5,1572,0.07000088691711426
5,1573,Error,0.20373110929640512
5,1574,0.07585859298706055
5,1575,0.06481051445007324
5,1576,0.0767822265625
5,1577,0.07952332496643066
5,1578,0.07787513732910156
5,1579,0.07683277130126953
5,1580,0.06869935989379883
5,1581,Error,0.09949646946274811
5,1582,0.08382654190063477
5,1583,Error,0.1777361057335581
5,1584,0.06436872482299805
5,1585,0.061647891998291016
5,1586,0.07943582534790039
5,1587,Error,0.027602504518163554
5,1588,0.0734405517578125
5,1589,0.06401944160461426
5,1590,Error,0.0943743208591002
5,1591,0.07673501968383789
5,1592,0.0823066234588623
5,1593,Error,0.17552052942539142
5,1594,Error,0.006311406712589345
5,1595,0.05524325370788574
5,1596,Error,0.06768689592839873
5,1597,0.07484292984008789
5,1598,0.07776689529418945
5,1599,Error,0.2611418811515343
5,1600,0.06523990631103516
5,1601,0.07329654693603516
5,1602,Error,0.06396976436642667
5,1603,0.07164597511291504
5,1604,0.08377933502197266
5,1605,0.07814741134643555
5,1606,0.06487369537353516
5,1607,0.07047295570373535
5,1608,Error,0.11512816012853652
5,1609,0.09932971000671387
5,1610,Error,0.0791796495304168
5,1611,0.07164978981018066
5,1612,Error,0.09164439819873317
5,1613,Error,0.19383305437360251
5,1614,Error,0.0044402727556953564
5,1615,0.059491634368896484
5,1616,0.05485415458679199
5,1617,Error,0.08375733275122459
5,1618,0.07961249351501465
5,1619,0.07251715660095215
5,1620,0.06329727172851562
5,1621,0.06858944892883301
5,1622,Error,0.11729787989500987
5,1623,Error,0.07827671187046334
5,1624,0.07388019561767578
5,1625,Error,0.09584268228639783
5,1626,Error,0.1534123383107845
5,1627,Error,0.1762211452049206
5,1628,0.08255648612976074
5,1629,Error,0.09701472807988752
5,1630,Error,0.039620302246941734
5,1631,0.07615518569946289
5,1632,Error,0.006534255231576761
5,1633,Error,0.05087730877885328
5,1634,0.07615137100219727
5,1635,0.06111717224121094
5,1636,Error,0.02860620105772278
5,1637,0.0813603401184082
5,1638,0.08993744850158691
5,1639,Error,0.05959407705363951
5,1640,0.08201980590820312
5,1641,Error,0.04276652629187476
5,1642,0.07462763786315918
5,1643,0.06256556510925293
5,1644,0.06097984313964844
5,1645,Error,0.07988045760296429
5,1646,0.08234596252441406
5,1647,Error,0.028715663720069364
5,1648,Error,0.04257632578742805
5,1649,0.07443070411682129
5,1650,Error,0.15194857535334294
5,1651,Error,0.058943361965322384
5,1652,Error,0.14186300109133343
5,1653,0.0651557445526123
5,1654,0.06930804252624512
5,1655,Error,0.2406028320076112
5,1656,0.06316518783569336
5,1657,0.07379293441772461
5,1658,0.07072114944458008
5,1659,0.07108855247497559
5,1660,0.06774234771728516
5,1661,Error,0.13390378009517648
5,1662,0.07429933547973633
5,1663,Error,0.18641073071014497
5,1664,Error,0.06802606447151208
5,1665,Error,0.018429361079248717
5,1666,0.0827035903930664
5,1667,0.07451391220092773
5,1668,0.07617664337158203
5,1669,0.06886529922485352
5,1670,Error,0.04457682438573617
5,1671,0.07822370529174805
5,1672,0.07837939262390137
5,1673,0.08704185485839844
5,1674,0.0803065299987793
5,1675,Error,0.1812116371833351
5,1676,Error,0.17893904471232944
5,1677,0.07597804069519043
5,1678,Error,0.08544976895387983
5,1679,0.0684351921081543
5,1680,Error,0.1324791086130754
5,1681,0.07505607604980469
5,1682,0.06441664695739746
5,1683,Error,0.1635643633810824
5,1684,0.06879448890686035
5,1685,0.0608515739440918
5,1686,0.06930327415466309
5,1687,0.07506704330444336
5,1688,0.08041000366210938
5,1689,Error,0.13353870198549433
5,1690,Error,0.2101425182913098
5,1691,0.06945586204528809
5,1692,Error,0.06915122635977237
5,1693,Error,0.09153548961660087
5,1694,0.06287026405334473
5,1695,0.06900525093078613
5,1696,0.06626224517822266
5,1697,0.06700658798217773
5,1698,Error,0.06414123204404384
5,1699,0.07135558128356934
5,1700,0.0778956413269043
5,1701,Error,0.09978311589600562
5,1702,Error,0.11819318457411296
5,1703,Error,0.21609014093278855
5,1704,0.07885408401489258
5,1705,Error,0.025509193001564873
5,1706,0.0864717960357666
5,1707,Error,0.02406089174498909
5,1708,Error,0.19763343883753834
5,1709,Error,0.10031299337872618
5,1710,Error,0.08998433219883278
5,1711,Error,0.16665441881504411
5,1712,0.0698845386505127
5,1713,0.07623171806335449
5,1714,Error,0.15216200543025982
5,1715,0.07773089408874512
5,1716,0.06970381736755371
5,1717,0.07057452201843262
5,1718,0.07609009742736816
5,1719,0.0769956111907959
5,1720,0.07234883308410645
5,1721,0.0772101879119873
5,1722,0.061899662017822266
5,1723,Error,0.14089835544924628
5,1724,Error,0.1897068126920364
5,1725,0.0783395767211914
5,1726,Error,0.0333865399979737
5,1727,Error,0.14935210030721235
5,1728,0.0798180103302002
5,1729,Error,0.2046604600198787
5,1730,Error,0.024824563311649436
5,1731,Error,0.03581060729862407
5,1732,Error,0.15854370423712752
5,1733,Error,0.13030979456815228
5,1734,Error,0.027304855352339896
5,1735,0.07552933692932129
5,1736,Error,0.06262882292906466
5,1737,0.06241869926452637
5,1738,Error,0.1985739409884728
5,1739,Error,0.07658842700875487
5,1740,0.06830430030822754
5,1741,0.06612968444824219
5,1742,Error,0.11866266184426301
5,1743,Error,0.13621165752231815
5,1744,0.05229496955871582
5,1745,0.05431342124938965
5,1746,Error,0.07506762570019783
5,1747,Error,0.03706402239574759
5,1748,Error,0.08550702758694995
5,1749,0.07753586769104004
5,1750,0.08359956741333008
5,1751,0.07478785514831543
5,1752,0.06231999397277832
5,1753,0.06955289840698242
5,1754,0.06923627853393555
5,1755,0.07501220703125
5,1756,0.07265591621398926
5,1757,Error,0.0792840024962009
5,1758,0.06185436248779297
5,1759,Error,0.1116458829405592
5,1760,0.08888411521911621
5,1761,0.0880134105682373
5,1762,0.07782292366027832
5,1763,0.07943201065063477
5,1764,Error,0.09757906383951852
5,1765,0.07240772247314453
5,1766,0.0679013729095459
5,1767,Error,0.03494490197327121
5,1768,Error,0.14236521481160458
5,1769,0.06881380081176758
5,1770,0.0538172721862793
5,1771,0.06410098075866699
5,1772,Error,0.18197666749838579
5,1773,0.08454418182373047
5,1774,0.07872724533081055
5,1775,Error,0.2156993888006346
5,1776,Error,0.0602099457005809
5,1777,Error,0.016756430761962416
5,1778,0.08205676078796387
5,1779,Error,0.047120543390691
5,1780,0.07923483848571777
5,1781,0.09294366836547852
5,1782,0.08661866188049316
5,1783,0.07866716384887695
5,1784,0.07451605796813965
5,1785,0.062113285064697266
5,1786,0.056383609771728516
5,1787,0.05226254463195801
5,1788,0.06287741661071777
5,1789,0.07935929298400879
5,1790,0.06221413612365723
5,1791,0.07123327255249023
5,1792,Error,0.016126681751726647
5,1793,0.08122563362121582
5,1794,Error,0.09071413775734812
5,1795,Error,0.15727868136327078
5,1796,0.07051777839660645
5,1797,0.06324005126953125
5,1798,0.06162548065185547
5,1799,0.0706331729888916
5,1800,0.06557250022888184
5,1801,0.0628671646118164
5,1802,Error,0.08817591197550693
5,1803,0.0842125415802002
5,1804,0.06771087646484375
5,1805,0.07947301864624023
5,1806,0.0758354663848877
5,1807,Error,0.005884614283138386
5,1808,0.06429839134216309
5,1809,Error,0.2014095033720009
5,1810,Error,0.009963355871133426
5,1811,Error,0.08679360027887603
5,1812,Error,0.17189717640518148
5,1813,Error,0.1849831734381563
5,1814,0.06443166732788086
5,1815,Error,0.010215499336756058
5,1816,Error,0.13556208833558978
5,1817,Error,0.057991779416463184
5,1818,0.06450057029724121
5,1819,Error,0.12493007617700776
5,1820,0.07029080390930176
5,1821,0.058272600173950195
5,1822,Error,0.11952305541394466
5,1823,0.05299687385559082
5,1824,Error,0.0457021685916384
5,1825,0.04629635810852051
5,1826,0.05144190788269043
5,1827,0.06496429443359375
5,1828,0.06940722465515137
5,1829,0.07700133323669434
5,1830,Error,0.19054048142731114
5,1831,0.0592806339263916
5,1832,0.045767784118652344
5,1833,0.046181678771972656
5,1834,Error,0.03143780204300494
5,1835,0.06720972061157227
5,1836,0.05939459800720215
5,1837,Error,0.18972756177241065
5,1838,Error,0.16595803806779733
5,1839,0.05693554878234863
5,1840,0.05441689491271973
5,1841,0.06698036193847656
5,1842,0.061209917068481445
5,1843,Error,0.11690667180834442
5,1844,Error,0.04182510630371355
5,1845,Error,0.18329755462664762
5,1846,0.06651735305786133
5,1847,Error,0.20112003705434509
5,1848,0.06008148193359375
5,1849,Error,0.12096771476257358
5,1850,0.0735018253326416
5,1851,0.06926321983337402
5,1852,0.06916356086730957
5,1853,0.07322168350219727
5,1854,0.07317662239074707
5,1855,0.06264114379882812
5,1856,Error,0.1291580247071942
5,1857,Error,0.026176704845392373
5,1858,0.06217479705810547
5,1859,0.0603485107421875
5,1860,0.06938982009887695
5,1861,0.06374573707580566
5,1862,0.07497668266296387
5,1863,0.06651043891906738
5,1864,0.0677342414855957
5,1865,0.07629203796386719
5,1866,Error,0.11114055312040565
5,1867,Error,0.22247726660130335
5,1868,0.0672464370727539
5,1869,0.07872271537780762
5,1870,0.07203555107116699
5,1871,0.06625628471374512
5,1872,Error,0.022504601642087924
5,1873,Error,0.013320947458153877
5,1874,Error,0.1268612093532491
5,1875,Error,0.18771441405857672
5,1876,0.07273101806640625
5,1877,0.08879399299621582
5,1878,0.08435368537902832
5,1879,Error,0.19303876910812653
5,1880,Error,0.08403731156764056
5,1881,Error,0.0798049996622738
5,1882,0.07415437698364258
5,1883,0.06714630126953125
5,1884,0.0746920108795166
5,1885,0.06988286972045898
5,1886,0.06729269027709961
5,1887,0.05381965637207031
5,1888,Error,0.18705438898584428
5,1889,Error,0.06646990752637254
5,1890,Error,0.16349836503617843
5,1891,Error,0.19503777773992848
5,1892,Error,0.17280321872400903
5,1893,0.06709933280944824
5,1894,0.044724464416503906
5,1895,Error,0.06948166339460317
5,1896,Error,0.12052877660399734
5,1897,0.05859994888305664
5,1898,0.0616145133972168
5,1899,Error,0.12727378265124112
5,1900,Error,0.01089148854828459
5,1901,Error,0.10659532913226652
5,1902,0.09023809432983398
5,1903,0.07360672950744629
5,1904,Error,0.11665628733527673
5,1905,0.05255532264709473
5,1906,Error,0.007327962286915706
5,1907,Error,0.08819119880806098
5,1908,Error,0.09339230463000167
5,1909,0.07368874549865723
5,1910,0.06118631362915039
5,1911,0.05564308166503906
5,1912,0.05802464485168457
5,1913,0.05988669395446777
5,1914,Error,0.13379657045802995
5,1915,0.0736837387084961
5,1916,Error,0.12248679243171401
5,1917,0.06967616081237793
5,1918,Error,0.0604169060771097
5,1919,0.06212949752807617
5,1920,Error,0.18970897286587063
5,1921,Error,0.15579906516275102
5,1922,0.07867789268493652
5,1923,0.0716865062713623
5,1924,0.07144522666931152
5,1925,0.07004714012145996
5,1926,0.0623621940612793
5,1927,0.05810546875
5,1928,0.06262350082397461
5,1929,0.07040190696716309
5,1930,0.06940960884094238
5,1931,0.07651376724243164
5,1932,0.07044172286987305
5,1933,Error,0.015402430542350512
5,1934,Error,0.00879958769670552
5,1935,Error,0.18962860244462879
5,1936,0.06266140937805176
5,1937,Error,0.15973049610012244
5,1938,0.09253835678100586
5,1939,0.06145429611206055
5,1940,0.07536959648132324
5,1941,Error,0.03367418829532081
5,1942,0.06867146492004395
5,1943,Error,0.11799819821794638
5,1944,0.06909322738647461
5,1945,0.0681755542755127
5,1946,0.07110953330993652
5,1947,0.06644296646118164
5,1948,0.06438136100769043
5,1949,Error,0.12570389033688745
5,1950,0.07105493545532227
5,1951,Error,0.15523659037888735
5,1952,Error,0.06026101026457287
5,1953,Error,0.1142301301616162
5,1954,0.0503237247467041
5,1955,Error,0.12160455112481867
5,1956,0.05265998840332031
5,1957,Error,0.030411131285464615
5,1958,0.06570029258728027
5,1959,Error,0.13432170474875707
5,1960,Error,0.15335938635192234
5,1961,Error,0.13780047664613976
5,1962,Error,0.03411946152248737
5,1963,Error,0.005872535407205976
5,1964,0.05792737007141113
5,1965,0.0525662899017334
5,1966,0.05504465103149414
5,1967,0.05413484573364258
5,1968,0.06039738655090332
5,1969,0.06593728065490723
5,1970,0.05926203727722168
5,1971,0.07417535781860352
5,1972,0.06770467758178711
5,1973,Error,0.10388515292812564
5,1974,Error,0.18503271895139214
5,1975,Error,0.053712253806771706
5,1976,Error,0.040815383947095746
5,1977,Error,0.05432717837126968
5,1978,0.0672760009765625
5,1979,Error,0.059955950272860464
5,1980,0.06403231620788574
5,1981,0.06103181838989258
5,1982,Error,0.023571015522676094
5,1983,0.05987954139709473
5,1984,Error,0.14339241621059015
5,1985,Error,0.1356444406487704
5,1986,0.07422852516174316
5,1987,0.07422828674316406
5,1988,0.07503175735473633
5,1989,0.06835746765136719
5,1990,0.07155799865722656
5,1991,0.07086062431335449
5,1992,Error,0.22487443383766362
5,1993,Error,0.18965404941050648
5,1994,Error,0.06280302771828357
5,1995,0.06640124320983887
5,1996,Error,0.007188525986090966
5,1997,Error,0.20959099330899186
5,1998,0.0779728889465332
5,1999,0.07631897926330566
5,2000,Error,0.21483837505296838
5,2001,Error,0.20183335148190026
5,2002,Error,0.021771420570557445
5,2003,0.0721290111541748
5,2004,Error,0.18166967790400415
5,2005,0.07197332382202148
5,2006,0.08156943321228027
5,2007,0.08526611328125
5,2008,0.0742483139038086
5,2009,0.07137656211853027
5,2010,Error,0.049443100035404156
5,2011,0.06775331497192383
5,2012,0.06493806838989258
5,2013,0.0677952766418457
5,2014,0.0712890625
5,2015,0.07486963272094727
5,2016,0.07767438888549805
5,2017,0.06920218467712402
5,2018,Error,0.02876494323510501
5,2019,0.08101987838745117
5,2020,Error,0.02899432788709153
5,2021,Error,0.06332498593971345
5,2022,0.06182575225830078
5,2023,0.08820629119873047
5,2024,0.06007885932922363
5,2025,0.061548471450805664
5,2026,Error,0.04083221392950377
5,2027,0.048972129821777344
5,2028,0.0513155460357666
5,2029,Error,0.16538203172293314
5,2030,Error,0.13850977664526268
5,2031,0.06320738792419434
5,2032,0.06313562393188477
5,2033,Error,0.045664547037364674
5,2034,0.06771254539489746
5,2035,0.05636167526245117
5,2036,0.06367206573486328
5,2037,0.07261514663696289
5,2038,0.06802558898925781
5,2039,Error,0.1917057978258589
5,2040,Error,0.04228858298410713
5,2041,Error,0.10298020019045134
5,2042,Error,0.10699461936651486
5,2043,0.0618281364440918
5,2044,0.06343746185302734
5,2045,0.05780935287475586
5,2046,Error,0.14351426796019526
5,2047,Error,0.08764170913075334
5,2048,Error,0.011976536531632413
5,2049,Error,0.03244892801904511
5,2050,Error,0.03709850870097174
5,2051,0.07065320014953613
5,2052,Error,0.03823618591192075
5,2053,0.06091737747192383
5,2054,0.06050872802734375
5,2055,Error,0.09011755843885731
5,2056,0.0633695125579834
5,2057,Error,0.017947168872684997
5,2058,Error,0.026694754033082496
5,2059,Error,0.1639593341740275
5,2060,0.05728864669799805
5,2061,0.06185269355773926
5,2062,0.05124378204345703
5,2063,Error,0.1030021412162949
5,2064,0.06190919876098633
5,2065,0.05734515190124512
5,2066,Error,0.15555048469619323
5,2067,0.07957029342651367
5,2068,0.07262945175170898
5,2069,0.05990886688232422
5,2070,0.05960655212402344
5,2071,Error,0.12793672089978758
5,2072,Error,0.09665738879936035
5,2073,Error,0.16764362674977112
5,2074,0.06038618087768555
5,2075,0.056725502014160156
5,2076,0.06848406791687012
5,2077,Error,0.02440025502910123
5,2078,0.06063723564147949
5,2079,0.05810856819152832
5,2080,0.0675969123840332
5,2081,0.06610107421875
5,2082,Error,0.10846261129627838
5,2083,0.05949974060058594
5,2084,Error,0.13814314787312576
5,2085,0.07343316078186035
5,2086,0.046930789947509766
5,2087,0.056485652923583984
5,2088,0.052575111389160156
5,2089,0.059189558029174805
5,2090,0.06885862350463867
5,2091,Error,0.13760536099456236
5,2092,0.0629739761352539
5,2093,0.05209183692932129
5,2094,0.0691077709197998
5,2095,0.07097768783569336
5,2096,0.07349038124084473
5,2097,Error,0.06964679535388654
5,2098,0.0927739143371582
5,2099,Error,0.18548921482590858
5,2100,Error,0.15289741850426083
5,2101,0.05600619316101074
5,2102,Error,0.0854641422581467
5,2103,Error,0.04907576773892385
5,2104,Error,0.10055797048836362
5,2105,Error,0.0006894466338889757
5,2106,0.06040382385253906
5,2107,Error,0.00458620905516732
5,2108,Error,0.15543262094538354
5,2109,0.06001472473144531
5,2110,0.06854438781738281
5,2111,0.07308292388916016
5,2112,0.05610299110412598
5,2113,0.06371665000915527
5,2114,Error,0.12721725135972095
5,2115,0.07198238372802734
5,2116,0.06665515899658203
5,2117,0.0672297477722168
5,2118,0.06693100929260254
5,2119,0.05931830406188965
5,2120,0.0744926929473877
5,2121,0.07428407669067383
5,2122,0.06989765167236328
5,2123,0.07526373863220215
5,2124,Error,0.07969510444150776
5,2125,0.05982613563537598
5,2126,0.06040549278259277
5,2127,0.05933046340942383
5,2128,Error,0.16050615322853065
5,2129,0.07027983665466309
5,2130,0.08306360244750977
5,2131,Error,0.22263187504125548
5,2132,0.07418179512023926
5,2133,Error,0.20923078124213154
5,2134,0.08537101745605469
5,2135,Error,0.09100202728773078
5,2136,0.06864738464355469
5,2137,Error,0.014718736716487421
5,2138,0.07208681106567383
5,2139,Error,0.14197286115406296
5,2140,Error,0.15301683188886717
5,2141,Error,0.1755784953912389
5,2142,0.06415462493896484
5,2143,0.06856799125671387
5,2144,Error,0.10628284619506426
5,2145,0.06841349601745605
5,2146,0.08527255058288574
5,2147,Error,0.08399676887644619
5,2148,0.07790136337280273
5,2149,Error,0.26026929037289925
5,2150,Error,0.10590493375380007
5,2151,0.06395816802978516
5,2152,0.060953617095947266
5,2153,Error,0.08310527986830808
5,2154,0.07904505729675293
5,2155,Error,0.1125375887128833
5,2156,0.07744932174682617
5,2157,Error,0.06532681904209652
5,2158,Error,0.15468920227703914
5,2159,0.04671669006347656
5,2160,0.054169654846191406
5,2161,0.08031940460205078
5,2162,0.07053732872009277
5,2163,0.08489084243774414
5,2164,0.08558487892150879
5,2165,Error,0.12480587461109913
5,2166,0.0864715576171875
5,2167,0.08056211471557617
5,2168,0.08418655395507812
5,2169,Error,0.16380461139290717
5,2170,0.07370877265930176
5,2171,0.06488442420959473
5,2172,0.06397891044616699
5,2173,Error,0.16889158228630233
5,2174,0.07355809211730957
5,2175,0.07385420799255371
5,2176,0.07216787338256836
5,2177,Error,0.19297905064740545
5,2178,Error,0.08881226619609177
5,2179,0.08820652961730957
5,2180,Error,0.009840893763967452
5,2181,0.06493139266967773
5,2182,0.052579641342163086
5,2183,0.06476116180419922
5,2184,0.07990407943725586
5,2185,Error,0.06140466352346416
5,2186,0.06963801383972168
5,2187,0.06316685676574707
5,2188,Error,0.05177520542555224
5,2189,0.07433176040649414
5,2190,Error,0.12494856282893893
5,2191,0.08027243614196777
5,2192,0.07281613349914551
5,2193,Error,0.017395482203087013
5,2194,0.05409836769104004
5,2195,Error,0.19890271699215106
5,2196,Error,0.14500080295497025
5,2197,0.07161903381347656
5,2198,Error,0.12011435512951885
5,2199,0.06194043159484863
5,2200,Error,0.18154005847221674
5,2201,0.05911087989807129
5,2202,0.051238298416137695
5,2203,0.05762195587158203
5,2204,0.05246376991271973
5,2205,0.048844337463378906
5,2206,0.05152630805969238
5,2207,Error,0.2057882208448983
5,2208,Error,0.05730977874453459
5,2209,0.05398678779602051
5,2210,Error,0.17782632630608114
5,2211,0.0739893913269043
5,2212,Error,0.02695218810241103
5,2213,0.04912257194519043
5,2214,Error,0.016901374851438184
5,2215,0.07102155685424805
5,2216,0.06678390502929688
5,2217,0.06747221946716309
5,2218,0.06166696548461914
5,2219,0.06299781799316406
5,2220,Error,0.04623381506190145
5,2221,Error,0.01851790447778568
5,2222,Error,0.04014326344616698
5,2223,0.07604598999023438
5,2224,0.08216691017150879
5,2225,Error,0.14674170231487843
5,2226,0.07088327407836914
5,2227,Error,0.03401048475508958
5,2228,Error,0.08435942492497836
5,2229,0.06470680236816406
5,2230,0.07896661758422852
5,2231,Error,0.21183667517645188
5,2232,0.10810518264770508
5,2233,0.07392239570617676
5,2234,0.06909418106079102
5,2235,0.07302236557006836
5,2236,0.07772612571716309
5,2237,0.07767891883850098
5,2238,Error,0.1290457447820489
5,2239,Error,0.12417446067103687
5,2240,0.07578754425048828
5,2241,Error,0.027851979042409807
5,2242,0.07190704345703125
5,2243,Error,0.15944865287774365
5,2244,Error,0.20628898847580074
5,2245,0.07083821296691895
5,2246,0.07215690612792969
5,2247,0.06048250198364258
5,2248,Error,0.003545351492774373
5,2249,0.09103035926818848
5,2250,0.08371734619140625
5,2251,Error,0.13784506521758652
5,2252,0.0639946460723877
5,2253,0.047814369201660156
5,2254,0.0503230094909668
5,2255,0.050292253494262695
5,2256,0.05148792266845703
5,2257,0.054776668548583984
5,2258,0.06876373291015625
5,2259,0.057193756103515625
5,2260,0.05338692665100098
5,2261,0.0569615364074707
5,2262,0.06412410736083984
5,2263,0.06809234619140625
5,2264,0.07469677925109863
5,2265,Error,0.14066846793790347
5,2266,Error,0.0458342600485703
5,2267,0.061834096908569336
5,2268,Error,0.08121797449305226
5,2269,0.0733027458190918
5,2270,Error,0.09877591237294697
5,2271,Error,0.04012910738403435
5,2272,Error,0.008775579235809858
5,2273,0.07431507110595703
5,2274,0.06501388549804688
5,2275,Error,0.0021119944845549095
5,2276,0.060341835021972656
5,2277,0.05557417869567871
5,2278,0.0575559139251709
5,2279,0.054477691650390625
5,2280,Error,0.06015304922529554
5,2281,0.07146835327148438
5,2282,Error,0.0513946695278155
5,2283,0.05649542808532715
5,2284,0.05437207221984863
5,2285,0.06061100959777832
5,2286,Error,0.030499123640039833
5,2287,0.04576683044433594
5,2288,0.05836367607116699
5,2289,Error,0.05405087636732387
5,2290,0.07203507423400879
5,2291,Error,0.21719052841906036
5,2292,0.07566380500793457
5,2293,0.09186458587646484
5,2294,0.07660365104675293
5,2295,0.07147645950317383
5,2296,Error,0.028867786971634626
5,2297,0.089019775390625
5,2298,0.07573294639587402
5,2299,0.08130860328674316
5,2300,0.08680200576782227
5,2301,0.08425521850585938
5,2302,0.06762313842773438
5,2303,0.05487251281738281
5,2304,0.05523395538330078
5,2305,0.06943321228027344
5,2306,Error,0.157295364626199
5,2307,Error,0.19626097127949388
5,2308,0.06906843185424805
5,2309,0.0818789005279541
5,2310,Error,0.0442470420551302
5,2311,0.07880496978759766
5,2312,0.08316302299499512
5,2313,Error,0.20045362573602946
5,2314,0.06894326210021973
5,2315,0.0692589282989502
5,2316,Error,0.11429643967411125
5,2317,Error,0.07982728783288999
5,2318,0.07843375205993652
5,2319,0.08932042121887207
5,2320,0.07612323760986328
5,2321,0.07961583137512207
5,2322,0.07181215286254883
5,2323,Error,0.012196916484679072
5,2324,0.07094192504882812
5,2325,0.07351875305175781
5,2326,Error,0.07645757225995807
5,2327,Error,0.02246654453510548
5,2328,Error,0.09509319795216904
5,2329,Error,0.01699689982838707
5,2330,0.08523058891296387
5,2331,0.0758368968963623
5,2332,0.07134175300598145
5,2333,0.07385873794555664
5,2334,0.07799863815307617
5,2335,0.06770133972167969
5,2336,0.05879712104797363
5,2337,0.06130695343017578
5,2338,0.07406449317932129
5,2339,0.0717155933380127
5,2340,Error,0.07669195353974179
5,2341,Error,0.07596075432253258
5,2342,Error,0.19059540035269842
5,2343,Error,0.03001164684702238
5,2344,Error,0.03043850494774212
5,2345,Error,0.06700493973724918
5,2346,0.08764147758483887
5,2347,0.08295297622680664
5,2348,Error,0.19464742609704425
5,2349,0.07783079147338867
5,2350,0.08018946647644043
5,2351,Error,0.1344852595098296
5,2352,0.06688332557678223
5,2353,0.06947803497314453
5,2354,0.07262706756591797
5,2355,0.06903481483459473
5,2356,0.08110666275024414
5,2357,0.08619213104248047
5,2358,0.07153964042663574
5,2359,0.08382105827331543
5,2360,0.0774085521697998
5,2361,Error,0.16820216697647913
5,2362,0.07523560523986816
5,2363,Error,0.018672334977780494
5,2364,Error,0.017678785634760698
5,2365,0.07654380798339844
5,2366,0.07421040534973145
5,2367,Error,0.02750391104364644
5,2368,0.06859827041625977
5,2369,0.06336331367492676
5,2370,0.06830358505249023
5,2371,Error,0.07529750890257503
5,2372,0.07646965980529785
5,2373,Error,0.004914686132074926
5,2374,Error,0.2275365261933151
5,2375,0.06805109977722168
5,2376,Error,0.1609604828847109
5,2377,0.07742714881896973
5,2378,0.08405566215515137
5,2379,0.07809758186340332
5,2380,Error,0.00974900996035868
5,2381,Error,0.1459798340934479
5,2382,0.06585407257080078
5,2383,0.06265377998352051
5,2384,0.06258869171142578
5,2385,0.06635499000549316
5,2386,Error,0.1846456630220967
5,2387,0.06910967826843262
5,2388,0.07457613945007324
5,2389,0.06349420547485352
5,2390,0.06264781951904297
5,2391,0.07858157157897949
5,2392,Error,0.029159179743989714
5,2393,0.06525945663452148
5,2394,Error,0.16161650255612547
5,2395,0.06747889518737793
5,2396,0.07651257514953613
5,2397,Error,0.04873845663347244
5,2398,0.08495569229125977
5,2399,0.07233810424804688
5,2400,Error,0.15213207208213647
5,2401,0.0759427547454834
5,2402,Error,0.1621917676049554
5,2403,Error,0.1665379899781934
5,2404,0.08195686340332031
5,2405,0.12433695793151855
5,2406,0.07643866539001465
5,2407,Error,0.20211501729831377
5,2408,0.08797740936279297
5,2409,Error,0.12098925760104297
5,2410,Error,0.20455009449958944
5,2411,Error,0.03548846431934921
5,2412,0.0744023323059082
5,2413,0.09054994583129883
5,2414,0.07897138595581055
